[ 2191.043103] hailo-req: cpu_id=0 buffer_len=20 opcode_be=0x02000000
[ 2191.043113] hailo-req: 00000000: 00 00 00 02 00 00 00 00 00 00 00 00 00 00 00 00
[ 2191.043116] hailo-req: 00000010: 00 00 00 00
[ 2191.043278] hailo-resp: cpu_id=0 buffer_len=190 opcode_be=0x02000000
[ 2191.043281] hailo-resp: 00000000: 00 00 00 02 00 00 00 01 00 00 00 00 00 00 00 00
[ 2191.043283] hailo-resp: 00000010: 00 00 00 00 00 00 00 00 00 00 00 08 00 00 00 04
[ 2191.043286] hailo-resp: 00000020: 00 00 00 02 00 00 00 0c 04 00 00 00 17 00 00 00
[ 2191.043288] hailo-resp: 00000030: 00 00 00 20 00 00 00 04 00 00 00 00 00 00 00 20
[ 2191.043290] hailo-resp: 00000040: 48 61 69 6c 6f 2d 38 00 00 00 00 00 00 00 00 00
[ 2191.043292] hailo-resp: 00000050: 00 00 00 00 00 00 00 00 00 00 00 00 00 00 00 00
[ 2191.043295] hailo-resp: 00000060: 00 00 00 04 00 00 00 02 00 00 00 10 00 00 00 00
[ 2191.043297] hailo-resp: 00000070: 00 00 00 00 00 00 00 00 00 00 00 00 00 00 00 10
[ 2191.043299] hailo-resp: 00000080: 00 00 00 00 00 00 00 00 00 00 00 00 00 00 00 00
[ 2191.043301] hailo-resp: 00000090: 00 00 00 2a 00 00 00 00 00 00 00 00 00 00 00 00
[ 2191.043303] hailo-resp: 000000a0: 00 00 00 00 00 00 00 00 00 00 00 00 00 00 00 00
[ 2191.043306] hailo-resp: 000000b0: 00 00 00 00 00 00 00 00 00 00 00 00 00 00
[ 2191.043397] hailo-req: cpu_id=0 buffer_len=20 opcode_be=0x02000000
[ 2191.043401] hailo-req: 00000000: 00 00 00 02 00 00 00 00 00 00 00 00 00 00 00 33
[ 2191.043404] hailo-req: 00000010: 00 00 00 00
[ 2191.043926] hailo-resp: cpu_id=0 buffer_len=159 opcode_be=0x02000000
[ 2191.043929] hailo-resp: 00000000: 00 00 00 02 00 00 00 01 00 00 00 00 00 00 00 33
[ 2191.043931] hailo-resp: 00000010: 00 00 00 00 00 00 00 00 00 00 00 09 00 00 00 04
[ 2191.043933] hailo-resp: 00000020: 17 d7 84 00 00 00 00 08 00 00 00 04 00 00 00 00
[ 2191.043935] hailo-resp: 00000030: 00 00 00 04 00 00 00 01 00 00 00 01 03 00 00 00
[ 2191.043937] hailo-resp: 00000040: 20 e8 c9 e8 a2 8c 63 4b 96 34 d6 e4 d1 f8 95 5e
[ 2191.043939] hailo-resp: 00000050: 37 fd 10 8a e4 24 73 ce 97 e2 b9 31 87 a8 9a 79
[ 2191.043941] hailo-resp: 00000060: 83 00 00 00 06 00 00 00 00 00 00 00 00 00 0c 00
[ 2191.043943] hailo-resp: 00000070: 60 c1 8b 2a b4 d8 50 fb fa a3 15 00 00 00 18 02
[ 2191.043945] hailo-resp: 00000080: 44 01 00 00 02 93 01 00 00 02 0f 02 00 00 1c ca
[ 2191.043947] hailo-resp: 00000090: 0e 42 82 62 0e 42 01 00 00 00 04 00 00 00 33
[ 2191.043961] hailo-req: cpu_id=0 buffer_len=20 opcode_be=0x02000000
[ 2191.043964] hailo-req: 00000000: 00 00 00 02 00 00 00 00 00 00 00 00 00 00 00 33
[ 2191.043966] hailo-req: 00000010: 00 00 00 00
[ 2191.044139] hailo-resp: cpu_id=0 buffer_len=159 opcode_be=0x02000000
[ 2191.044141] hailo-resp: 00000000: 00 00 00 02 00 00 00 01 00 00 00 00 00 00 00 33
[ 2191.044144] hailo-resp: 00000010: 00 00 00 00 00 00 00 00 00 00 00 09 00 00 00 04
[ 2191.044146] hailo-resp: 00000020: 17 d7 84 00 00 00 00 08 00 00 00 04 00 00 00 00
[ 2191.044148] hailo-resp: 00000030: 00 00 00 04 00 00 00 01 00 00 00 01 03 00 00 00
[ 2191.044150] hailo-resp: 00000040: 20 e8 c9 e8 a2 8c 63 4b 96 34 d6 e4 d1 f8 95 5e
[ 2191.044152] hailo-resp: 00000050: 37 fd 10 8a e4 24 73 ce 97 e2 b9 31 87 a8 9a 79
[ 2191.044154] hailo-resp: 00000060: 83 00 00 00 06 00 00 00 00 00 00 00 00 00 0c 00
[ 2191.044156] hailo-resp: 00000070: 60 c1 8b 2a b4 d8 50 fb fa a3 15 00 00 00 18 02
[ 2191.044158] hailo-resp: 00000080: 44 01 00 00 02 93 01 00 00 02 0f 02 00 00 1c ca
[ 2191.044160] hailo-resp: 00000090: 0e 42 82 62 0e 42 01 00 00 00 04 00 00 00 33
[ 2191.044167] hailo-req: cpu_id=1 buffer_len=42 opcode_be=0x02000000
[ 2191.044170] hailo-req: 00000000: 00 00 00 02 00 00 00 00 00 00 00 00 00 00 00 25
[ 2191.044172] hailo-req: 00000010: 00 00 00 04 00 00 00 01 00 00 00 00 01 ff 00 00
[ 2191.044174] hailo-req: 00000020: 00 02 00 00 00 00 00 02 00 00
[ 2191.044283] hailo-resp: cpu_id=1 buffer_len=28 opcode_be=0x02000000
[ 2191.044285] hailo-resp: 00000000: 00 00 00 02 00 00 00 01 00 00 00 00 00 00 00 25
[ 2191.044288] hailo-resp: 00000010: 00 00 00 00 00 00 00 00 00 00 00 00
[ 2191.044292] hailo-req: cpu_id=1 buffer_len=20 opcode_be=0x02000000
[ 2191.044294] hailo-req: 00000000: 00 00 00 02 00 00 00 00 00 00 00 00 00 00 00 47
[ 2191.044296] hailo-req: 00000010: 00 00 00 00
[ 2191.048697] hailo-resp: cpu_id=1 buffer_len=28 opcode_be=0x02000000
[ 2191.048700] hailo-resp: 00000000: 00 00 00 02 00 00 00 01 00 00 00 00 00 00 00 47
[ 2191.048702] hailo-resp: 00000010: 00 00 00 00 00 00 00 00 00 00 00 00
[ 2191.048783] hailo-req: cpu_id=0 buffer_len=20 opcode_be=0x02000000
[ 2191.048786] hailo-req: 00000000: 00 00 00 02 00 00 00 00 00 00 00 00 00 00 00 33
[ 2191.048788] hailo-req: 00000010: 00 00 00 00
[ 2191.048962] hailo-resp: cpu_id=0 buffer_len=159 opcode_be=0x02000000
[ 2191.048965] hailo-resp: 00000000: 00 00 00 02 00 00 00 01 00 00 00 00 00 00 00 33
[ 2191.048966] hailo-resp: 00000010: 00 00 00 00 00 00 00 00 00 00 00 09 00 00 00 04
[ 2191.048968] hailo-resp: 00000020: 17 d7 84 00 00 00 00 08 00 00 00 04 00 00 00 00
[ 2191.048970] hailo-resp: 00000030: 00 00 00 04 00 00 00 01 00 00 00 01 03 00 00 00
[ 2191.048972] hailo-resp: 00000040: 20 e8 c9 e8 a2 8c 63 4b 96 34 d6 e4 d1 f8 95 5e
[ 2191.048975] hailo-resp: 00000050: 37 fd 10 8a e4 24 73 ce 97 e2 b9 31 87 a8 9a 79
[ 2191.048977] hailo-resp: 00000060: 83 00 00 00 06 00 00 00 00 00 00 00 00 00 0c 00
[ 2191.048979] hailo-resp: 00000070: 60 c1 8b 2a b4 d8 50 fb fa a3 15 00 00 00 18 02
[ 2191.048981] hailo-resp: 00000080: 44 01 00 00 02 93 01 00 00 02 0f 02 00 00 1c ca
[ 2191.048983] hailo-resp: 00000090: 0e 42 82 62 0e 42 01 00 00 00 04 00 00 00 33
[ 2191.050041] hailo-req: cpu_id=1 buffer_len=20 opcode_be=0x02000000
[ 2191.050048] hailo-req: 00000000: 00 00 00 02 00 00 00 00 00 00 00 00 00 00 00 48
[ 2191.050050] hailo-req: 00000010: 00 00 00 00
[ 2191.050156] hailo-resp: cpu_id=1 buffer_len=51 opcode_be=0x02000000
[ 2191.050158] hailo-resp: 00000000: 00 00 00 02 00 00 00 01 00 00 00 00 00 00 00 48
[ 2191.050161] hailo-resp: 00000010: 00 00 00 00 00 00 00 00 00 00 00 01 00 00 00 13
[ 2191.050163] hailo-resp: 00000020: 08 00 00 00 ff ff ff ff 00 a0 00 00 01 00 01 00
[ 2191.050165] hailo-resp: 00000030: 00 01 00
[ 2191.050248] hailo-req: cpu_id=1 buffer_len=20 opcode_be=0x02000000
[ 2191.050250] hailo-req: 00000000: 00 00 00 02 00 00 00 00 00 00 00 00 00 00 00 48
[ 2191.050253] hailo-req: 00000010: 00 00 00 00
[ 2191.050358] hailo-resp: cpu_id=1 buffer_len=51 opcode_be=0x02000000
[ 2191.050361] hailo-resp: 00000000: 00 00 00 02 00 00 00 01 00 00 00 00 00 00 00 48
[ 2191.050363] hailo-resp: 00000010: 00 00 00 00 00 00 00 00 00 00 00 01 00 00 00 13
[ 2191.050365] hailo-resp: 00000020: 08 00 00 00 ff ff ff ff 00 a0 00 00 01 00 01 00
[ 2191.050367] hailo-resp: 00000030: 00 01 00
[ 2191.051263] hailo-req: cpu_id=1 buffer_len=20 opcode_be=0x02000000
[ 2191.051267] hailo-req: 00000000: 00 00 00 02 00 00 00 00 00 00 00 00 00 00 00 48
[ 2191.051270] hailo-req: 00000010: 00 00 00 00
[ 2191.051376] hailo-resp: cpu_id=1 buffer_len=51 opcode_be=0x02000000
[ 2191.051378] hailo-resp: 00000000: 00 00 00 02 00 00 00 01 00 00 00 00 00 00 00 48
[ 2191.051381] hailo-resp: 00000010: 00 00 00 00 00 00 00 00 00 00 00 01 00 00 00 13
[ 2191.051383] hailo-resp: 00000020: 08 00 00 00 ff ff ff ff 00 a0 00 00 01 00 01 00
[ 2191.051385] hailo-resp: 00000030: 00 01 00
[ 2191.051790] hailo-req: cpu_id=1 buffer_len=20 opcode_be=0x02000000
[ 2191.051794] hailo-req: 00000000: 00 00 00 02 00 00 00 00 00 00 00 00 00 00 00 48
[ 2191.051796] hailo-req: 00000010: 00 00 00 00
[ 2191.051902] hailo-resp: cpu_id=1 buffer_len=51 opcode_be=0x02000000
[ 2191.051905] hailo-resp: 00000000: 00 00 00 02 00 00 00 01 00 00 00 00 00 00 00 48
[ 2191.051907] hailo-resp: 00000010: 00 00 00 00 00 00 00 00 00 00 00 01 00 00 00 13
[ 2191.051909] hailo-resp: 00000020: 08 00 00 00 ff ff ff ff 00 a0 00 00 01 00 01 00
[ 2191.051911] hailo-resp: 00000030: 00 01 00
[ 2191.051951] hailo-req: cpu_id=1 buffer_len=56 opcode_be=0x02000000
[ 2191.051953] hailo-req: 00000000: 00 00 00 02 00 00 00 00 00 00 00 00 00 00 00 20
[ 2191.051956] hailo-req: 00000010: 00 00 00 01 00 00 00 20 01 00 01 00 01 00 01 00
[ 2191.051958] hailo-req: 00000020: 02 01 00 00 00 00 00 00 00 00 00 00 00 00 00 00
[ 2191.051960] hailo-req: 00000030: 00 00 00 02 00 01 00 00
[ 2191.052075] hailo-resp: cpu_id=1 buffer_len=28 opcode_be=0x02000000
[ 2191.052077] hailo-resp: 00000000: 00 00 00 02 00 00 00 01 00 00 00 00 00 00 00 20
[ 2191.052079] hailo-resp: 00000010: 00 00 00 00 00 00 00 00 00 00 00 00
[ 2191.052084] hailo-req: cpu_id=1 buffer_len=102 opcode_be=0x02000000
[ 2191.052086] hailo-req: 00000000: 00 00 00 02 00 00 00 00 00 00 00 00 00 00 00 21
[ 2191.052089] hailo-req: 00000010: 00 00 00 04 00 00 00 01 01 00 00 00 01 01 00 00
[ 2191.052091] hailo-req: 00000020: 00 01 03 00 00 00 3f 1e ff ff ff ff 21 ff ff ff
[ 2191.052093] hailo-req: 00000030: ff 10 00 00 00 62 3a 10 00 00 00 40 00 20 00 00
[ 2191.052095] hailo-req: 00000040: 00 10 00 00 00 20 ff ff ff ff 02 00 00 00 61 3a
[ 2191.052097] hailo-req: 00000050: 10 00 00 00 00 02 20 00 00 00 10 03 00 00 01 00
[ 2191.052099] hailo-req: 00000060: 10 03 10 03 00 00
[ 2191.052237] hailo-resp: cpu_id=1 buffer_len=28 opcode_be=0x02000000
[ 2191.052239] hailo-resp: 00000000: 00 00 00 02 00 00 00 01 00 00 00 00 00 00 00 21
[ 2191.052241] hailo-resp: 00000010: 00 00 00 00 00 00 00 00 00 00 00 00
[ 2191.052246] hailo-req: cpu_id=1 buffer_len=153 opcode_be=0x02000000
[ 2191.052249] hailo-req: 00000000: 00 00 00 02 00 00 00 00 00 00 00 00 00 00 00 21
[ 2191.052251] hailo-req: 00000010: 00 00 00 04 00 00 00 01 01 00 00 00 01 01 00 00
[ 2191.052253] hailo-req: 00000020: 00 01 02 00 00 00 72 18 ff ff ff ff 0f 00 24 00
[ 2191.052255] hailo-req: 00000030: 00 02 00 00 00 10 00 02 00 00 00 0e 00 02 00 00
[ 2191.052257] hailo-req: 00000040: 00 13 00 02 00 00 00 08 00 02 00 00 00 05 00 02
[ 2191.052259] hailo-req: 00000050: 00 00 00 03 00 02 00 00 00 04 00 02 00 00 00 0a
[ 2191.052261] hailo-req: 00000060: 00 02 00 00 00 06 00 02 00 00 00 07 00 02 00 00
[ 2191.052263] hailo-req: 00000070: 00 09 00 02 00 00 00 0b 00 02 00 00 00 0f 00 02
[ 2191.052265] hailo-req: 00000080: 00 00 00 01 00 02 00 00 00 1f ff ff ff ff 25 ff
[ 2191.052267] hailo-req: 00000090: ff ff ff 02 1d ff ff ff ff
[ 2191.052425] hailo-resp: cpu_id=1 buffer_len=28 opcode_be=0x02000000
[ 2191.052427] hailo-resp: 00000000: 00 00 00 02 00 00 00 01 00 00 00 00 00 00 00 21
[ 2191.052429] hailo-resp: 00000010: 00 00 00 00 00 00 00 00 00 00 00 00
[ 2191.052435] hailo-req: cpu_id=1 buffer_len=528 opcode_be=0x02000000
[ 2191.052438] hailo-req: 00000000: 00 00 00 02 00 00 00 00 00 00 00 00 00 00 00 21
[ 2191.052440] hailo-req: 00000010: 00 00 00 04 00 00 00 01 01 00 00 00 01 01 00 00
[ 2191.052441] hailo-req: 00000020: 00 01 00 00 00 01 e9 16 ff ff ff ff 00 00 00 00
[ 2191.052443] hailo-req: 00000030: 00 63 3a 10 00 00 00 00 02 7e 00 00 00 00 dc 00
[ 2191.052446] hailo-req: 00000040: 00 16 ff ff ff ff 01 01 00 00 00 64 3a 10 00 00
[ 2191.052448] hailo-req: 00000050: 00 00 02 07 00 00 00 00 04 00 00 05 ff ff ff ff
[ 2191.052450] hailo-req: 00000060: 01 18 ff ff ff ff 02 00 00 01 00 00 01 00 01 18
[ 2191.052452] hailo-req: 00000070: ff ff ff ff 0e 00 05 0f 0b 09 07 06 0a 04 03 05
[ 2191.052454] hailo-req: 00000080: 08 13 0e 10 00 18 ff ff ff ff 02 00 00 01 00 01
[ 2191.052456] hailo-req: 00000090: 6d 00 00 14 ff ff ff ff 05 01 ff ff ff ff 00 00
[ 2191.052458] hailo-req: 000000a0: c0 7f bf 3b 01 00 79 e5 13 80 70 e0 06 0a 53 40
[ 2191.052460] hailo-req: 000000b0: 00 20 30 40 06 02 01 00 00 00 00 0f 00 20 3c 00
[ 2191.052462] hailo-req: 000000c0: 0c 00 03 00 00 00 00 00 00 00 14 ff ff ff ff 06
[ 2191.052464] hailo-req: 000000d0: 01 ff ff ff ff 01 00 c0 7f 21 00 00 00 38 00 00
[ 2191.052466] hailo-req: 000000e0: 00 30 00 01 00 00 00 00 00 30 00 00 00 00 00 00
[ 2191.052468] hailo-req: 000000f0: 00 00 0f 00 00 00 00 00 00 00 00 00 00 00 00 00
[ 2191.052470] hailo-req: 00000100: 00 11 ff ff ff ff 00 11 ff ff ff ff 01 14 ff ff
[ 2191.052472] hailo-req: 00000110: ff ff 12 14 ff ff ff ff 13 14 ff ff ff ff 11 07
[ 2191.052474] hailo-req: 00000120: ff ff ff ff 10 00 00 10 00 01 00 10 00 01 00 00
[ 2191.052476] hailo-req: 00000130: 00 0a 00 00 00 06 00 01 00 00 00 62 3a 10 00 00
[ 2191.052478] hailo-req: 00000140: 00 40 00 20 00 00 00 10 00 00 00 06 ff ff ff ff
[ 2191.052480] hailo-req: 00000150: 02 01 20 00 1c 00 10 03 01 00 00 00 00 00 00 00
[ 2191.052482] hailo-req: 00000160: 00 00 01 00 00 00 61 3a 10 00 00 00 00 02 20 00
[ 2191.052484] hailo-req: 00000170: 00 00 10 03 00 00 00 00 01 00 27 ff ff ff ff 02
[ 2191.052486] hailo-req: 00000180: 01 02 ff ff ff ff 02 01 00 10 03 00 00 01 00 1d
[ 2191.052488] hailo-req: 00000190: ff ff ff ff 18 ff ff ff ff 04 00 03 00 00 10 00
[ 2191.052491] hailo-req: 000001a0: 0e 00 13 00 14 ff ff ff ff 14 14 ff ff ff ff 15
[ 2191.052492] hailo-req: 000001b0: 18 ff ff ff ff 04 00 03 08 00 05 00 03 00 04 00
[ 2191.052495] hailo-req: 000001c0: 14 ff ff ff ff 16 14 ff ff ff ff 17 18 ff ff ff
[ 2191.052497] hailo-req: 000001d0: ff 04 00 03 0a 00 06 00 07 00 09 00 14 ff ff ff
[ 2191.052499] hailo-req: 000001e0: ff 18 14 ff ff ff ff 19 18 ff ff ff ff 03 00 03
[ 2191.052501] hailo-req: 000001f0: 0b 00 0f 00 01 00 14 ff ff ff ff 0d 14 ff ff ff
[ 2191.052503] hailo-req: 00000200: ff 0e 17 ff ff ff ff 00 00 17 ff ff ff ff 01 01
[ 2191.052839] hailo-resp: cpu_id=1 buffer_len=28 opcode_be=0x02000000
[ 2191.052841] hailo-resp: 00000000: 00 00 00 02 00 00 00 01 00 00 00 00 00 00 00 21
[ 2191.052843] hailo-resp: 00000010: 00 00 00 00 00 00 00 00 00 00 00 00
[ 2191.052848] hailo-req: cpu_id=1 buffer_len=161 opcode_be=0x02000000
[ 2191.052850] hailo-req: 00000000: 00 00 00 02 00 00 00 00 00 00 00 00 00 00 00 21
[ 2191.052852] hailo-req: 00000010: 00 00 00 04 00 00 00 01 01 00 00 00 01 01 00 00
[ 2191.052854] hailo-req: 00000020: 00 01 01 00 00 00 7a 07 ff ff ff ff 10 00 00 10
[ 2191.052856] hailo-req: 00000030: 00 01 00 10 00 01 00 00 00 0a 00 00 00 06 00 01
[ 2191.052858] hailo-req: 00000040: 00 00 00 62 3a 10 00 00 00 40 00 20 00 00 00 10
[ 2191.052860] hailo-req: 00000050: 00 00 00 06 ff ff ff ff 02 01 20 00 1c 00 10 03
[ 2191.052862] hailo-req: 00000060: 01 00 00 00 00 00 00 00 00 00 01 00 00 00 61 3a
[ 2191.052864] hailo-req: 00000070: 10 00 00 00 00 02 20 00 00 00 10 03 00 00 00 00
[ 2191.052866] hailo-req: 00000080: 01 00 27 ff ff ff ff 02 01 02 ff ff ff ff 02 01
[ 2191.052868] hailo-req: 00000090: 00 10 03 00 00 01 00 1d ff ff ff ff 15 ff ff ff
[ 2191.052870] hailo-req: 000000a0: ff
[ 2191.053033] hailo-resp: cpu_id=1 buffer_len=28 opcode_be=0x02000000
[ 2191.053035] hailo-resp: 00000000: 00 00 00 02 00 00 00 01 00 00 00 00 00 00 00 21
[ 2191.053037] hailo-resp: 00000010: 00 00 00 00 00 00 00 00 00 00 00 00
[ 2191.055654] hailo-req: cpu_id=0 buffer_len=20 opcode_be=0x02000000
[ 2191.055658] hailo-req: 00000000: 00 00 00 02 00 00 00 00 00 00 00 00 00 00 00 33
[ 2191.055661] hailo-req: 00000010: 00 00 00 00
[ 2191.055837] hailo-resp: cpu_id=0 buffer_len=159 opcode_be=0x02000000
[ 2191.055840] hailo-resp: 00000000: 00 00 00 02 00 00 00 01 00 00 00 00 00 00 00 33
[ 2191.055842] hailo-resp: 00000010: 00 00 00 00 00 00 00 00 00 00 00 09 00 00 00 04
[ 2191.055845] hailo-resp: 00000020: 17 d7 84 00 00 00 00 08 00 00 00 04 00 00 00 00
[ 2191.055847] hailo-resp: 00000030: 00 00 00 04 00 00 00 01 00 00 00 01 03 00 00 00
[ 2191.055849] hailo-resp: 00000040: 20 e8 c9 e8 a2 8c 63 4b 96 34 d6 e4 d1 f8 95 5e
[ 2191.055851] hailo-resp: 00000050: 37 fd 10 8a e4 24 73 ce 97 e2 b9 31 87 a8 9a 79
[ 2191.055854] hailo-resp: 00000060: 83 00 00 00 06 00 00 00 00 00 00 00 00 00 0c 00
[ 2191.055855] hailo-resp: 00000070: 60 c1 8b 2a b4 d8 50 fb fa a3 15 00 00 00 18 02
[ 2191.055858] hailo-resp: 00000080: 44 01 00 00 02 93 01 00 00 02 0f 02 00 00 1c ca
[ 2191.055860] hailo-resp: 00000090: 0e 42 82 62 0e 42 01 00 00 00 04 00 00 00 33
[ 2191.055866] hailo-req: cpu_id=0 buffer_len=20 opcode_be=0x02000000
[ 2191.055868] hailo-req: 00000000: 00 00 00 02 00 00 00 00 00 00 00 00 00 00 00 00
[ 2191.055870] hailo-req: 00000010: 00 00 00 00
[ 2191.056026] hailo-resp: cpu_id=0 buffer_len=190 opcode_be=0x02000000
[ 2191.056029] hailo-resp: 00000000: 00 00 00 02 00 00 00 01 00 00 00 00 00 00 00 00
[ 2191.056031] hailo-resp: 00000010: 00 00 00 00 00 00 00 00 00 00 00 08 00 00 00 04
[ 2191.056033] hailo-resp: 00000020: 00 00 00 02 00 00 00 0c 04 00 00 00 17 00 00 00
[ 2191.056035] hailo-resp: 00000030: 00 00 00 20 00 00 00 04 00 00 00 00 00 00 00 20
[ 2191.056037] hailo-resp: 00000040: 48 61 69 6c 6f 2d 38 00 00 00 00 00 00 00 00 00
[ 2191.056039] hailo-resp: 00000050: 00 00 00 00 00 00 00 00 00 00 00 00 00 00 00 00
[ 2191.056041] hailo-resp: 00000060: 00 00 00 04 00 00 00 02 00 00 00 10 00 00 00 00
[ 2191.056043] hailo-resp: 00000070: 00 00 00 00 00 00 00 00 00 00 00 00 00 00 00 10
[ 2191.056045] hailo-resp: 00000080: 00 00 00 00 00 00 00 00 00 00 00 00 00 00 00 00
[ 2191.056047] hailo-resp: 00000090: 00 00 00 2a 00 00 00 00 00 00 00 00 00 00 00 00
[ 2191.056049] hailo-resp: 000000a0: 00 00 00 00 00 00 00 00 00 00 00 00 00 00 00 00
[ 2191.056051] hailo-resp: 000000b0: 00 00 00 00 00 00 00 00 00 00 00 00 00 00
[ 2191.056064] hailo-req: cpu_id=0 buffer_len=20 opcode_be=0x02000000
[ 2191.056067] hailo-req: 00000000: 00 00 00 02 00 00 00 00 00 00 00 00 00 00 00 33
[ 2191.056069] hailo-req: 00000010: 00 00 00 00
[ 2191.056241] hailo-resp: cpu_id=0 buffer_len=159 opcode_be=0x02000000
[ 2191.056243] hailo-resp: 00000000: 00 00 00 02 00 00 00 01 00 00 00 00 00 00 00 33
[ 2191.056245] hailo-resp: 00000010: 00 00 00 00 00 00 00 00 00 00 00 09 00 00 00 04
[ 2191.056247] hailo-resp: 00000020: 17 d7 84 00 00 00 00 08 00 00 00 04 00 00 00 00
[ 2191.056249] hailo-resp: 00000030: 00 00 00 04 00 00 00 01 00 00 00 01 03 00 00 00
[ 2191.056251] hailo-resp: 00000040: 20 e8 c9 e8 a2 8c 63 4b 96 34 d6 e4 d1 f8 95 5e
[ 2191.056254] hailo-resp: 00000050: 37 fd 10 8a e4 24 73 ce 97 e2 b9 31 87 a8 9a 79
[ 2191.056256] hailo-resp: 00000060: 83 00 00 00 06 00 00 00 00 00 00 00 00 00 0c 00
[ 2191.056258] hailo-resp: 00000070: 60 c1 8b 2a b4 d8 50 fb fa a3 15 00 00 00 18 02
[ 2191.056260] hailo-resp: 00000080: 44 01 00 00 02 93 01 00 00 02 0f 02 00 00 1c ca
[ 2191.056262] hailo-resp: 00000090: 0e 42 82 62 0e 42 01 00 00 00 04 00 00 00 33
[ 2191.056267] hailo-req: cpu_id=0 buffer_len=20 opcode_be=0x02000000
[ 2191.056269] hailo-req: 00000000: 00 00 00 02 00 00 00 00 00 00 00 00 00 00 00 00
[ 2191.056271] hailo-req: 00000010: 00 00 00 00
[ 2191.056426] hailo-resp: cpu_id=0 buffer_len=190 opcode_be=0x02000000
[ 2191.056429] hailo-resp: 00000000: 00 00 00 02 00 00 00 01 00 00 00 00 00 00 00 00
[ 2191.056431] hailo-resp: 00000010: 00 00 00 00 00 00 00 00 00 00 00 08 00 00 00 04
[ 2191.056433] hailo-resp: 00000020: 00 00 00 02 00 00 00 0c 04 00 00 00 17 00 00 00
[ 2191.056435] hailo-resp: 00000030: 00 00 00 20 00 00 00 04 00 00 00 00 00 00 00 20
[ 2191.056437] hailo-resp: 00000040: 48 61 69 6c 6f 2d 38 00 00 00 00 00 00 00 00 00
[ 2191.056439] hailo-resp: 00000050: 00 00 00 00 00 00 00 00 00 00 00 00 00 00 00 00
[ 2191.056441] hailo-resp: 00000060: 00 00 00 04 00 00 00 02 00 00 00 10 00 00 00 00
[ 2191.056443] hailo-resp: 00000070: 00 00 00 00 00 00 00 00 00 00 00 00 00 00 00 10
[ 2191.056445] hailo-resp: 00000080: 00 00 00 00 00 00 00 00 00 00 00 00 00 00 00 00
[ 2191.056447] hailo-resp: 00000090: 00 00 00 2a 00 00 00 00 00 00 00 00 00 00 00 00
[ 2191.056449] hailo-resp: 000000a0: 00 00 00 00 00 00 00 00 00 00 00 00 00 00 00 00
[ 2191.056451] hailo-resp: 000000b0: 00 00 00 00 00 00 00 00 00 00 00 00 00 00
[ 2191.056464] hailo-req: cpu_id=1 buffer_len=42 opcode_be=0x02000000
[ 2191.056467] hailo-req: 00000000: 00 00 00 02 00 00 00 00 00 00 00 00 00 00 00 25
[ 2191.056469] hailo-req: 00000010: 00 00 00 04 00 00 00 01 01 00 00 00 01 00 00 00
[ 2191.056471] hailo-req: 00000020: 00 02 00 00 00 00 00 02 00 00
[ 2191.056600] hailo-resp: cpu_id=1 buffer_len=28 opcode_be=0x02000000
[ 2191.056602] hailo-resp: 00000000: 00 00 00 02 00 00 00 01 00 00 00 00 00 00 00 25
[ 2191.056604] hailo-resp: 00000010: 00 00 00 00 00 00 00 00 00 00 00 00
[ 2191.056773] hailo-req: cpu_id=0 buffer_len=20 opcode_be=0x02000000
[ 2191.056777] hailo-req: 00000000: 00 00 00 02 00 00 00 00 00 00 00 00 00 00 00 33
[ 2191.056779] hailo-req: 00000010: 00 00 00 00
[ 2191.056953] hailo-resp: cpu_id=0 buffer_len=159 opcode_be=0x02000000
[ 2191.056956] hailo-resp: 00000000: 00 00 00 02 00 00 00 01 00 00 00 00 00 00 00 33
[ 2191.056958] hailo-resp: 00000010: 00 00 00 00 00 00 00 00 00 00 00 09 00 00 00 04
[ 2191.056960] hailo-resp: 00000020: 17 d7 84 00 00 00 00 08 00 00 00 04 00 00 00 00
[ 2191.056962] hailo-resp: 00000030: 00 00 00 04 00 00 00 01 00 00 00 01 03 00 00 00
[ 2191.056964] hailo-resp: 00000040: 20 e8 c9 e8 a2 8c 63 4b 96 34 d6 e4 d1 f8 95 5e
[ 2191.056966] hailo-resp: 00000050: 37 fd 10 8a e4 24 73 ce 97 e2 b9 31 87 a8 9a 79
[ 2191.056968] hailo-resp: 00000060: 83 00 00 00 06 00 00 00 00 00 00 00 00 00 0c 00
[ 2191.056970] hailo-resp: 00000070: 60 c1 8b 2a b4 d8 50 fb fa a3 15 00 00 00 18 02
[ 2191.056972] hailo-resp: 00000080: 44 01 00 00 02 93 01 00 00 02 0f 02 00 00 1c ca
[ 2191.056974] hailo-resp: 00000090: 0e 42 82 62 0e 42 01 00 00 00 04 00 00 00 33
[ 2191.056979] hailo-req: cpu_id=0 buffer_len=20 opcode_be=0x02000000
[ 2191.056982] hailo-req: 00000000: 00 00 00 02 00 00 00 00 00 00 00 00 00 00 00 00
[ 2191.056984] hailo-req: 00000010: 00 00 00 00
[ 2191.057139] hailo-resp: cpu_id=0 buffer_len=190 opcode_be=0x02000000
[ 2191.057141] hailo-resp: 00000000: 00 00 00 02 00 00 00 01 00 00 00 00 00 00 00 00
[ 2191.057143] hailo-resp: 00000010: 00 00 00 00 00 00 00 00 00 00 00 08 00 00 00 04
[ 2191.057145] hailo-resp: 00000020: 00 00 00 02 00 00 00 0c 04 00 00 00 17 00 00 00
[ 2191.057147] hailo-resp: 00000030: 00 00 00 20 00 00 00 04 00 00 00 00 00 00 00 20
[ 2191.057149] hailo-resp: 00000040: 48 61 69 6c 6f 2d 38 00 00 00 00 00 00 00 00 00
[ 2191.057151] hailo-resp: 00000050: 00 00 00 00 00 00 00 00 00 00 00 00 00 00 00 00
[ 2191.057153] hailo-resp: 00000060: 00 00 00 04 00 00 00 02 00 00 00 10 00 00 00 00
[ 2191.057155] hailo-resp: 00000070: 00 00 00 00 00 00 00 00 00 00 00 00 00 00 00 10
[ 2191.057157] hailo-resp: 00000080: 00 00 00 00 00 00 00 00 00 00 00 00 00 00 00 00
[ 2191.057159] hailo-resp: 00000090: 00 00 00 2a 00 00 00 00 00 00 00 00 00 00 00 00
[ 2191.057161] hailo-resp: 000000a0: 00 00 00 00 00 00 00 00 00 00 00 00 00 00 00 00
[ 2191.057163] hailo-resp: 000000b0: 00 00 00 00 00 00 00 00 00 00 00 00 00 00
[ 2191.057173] hailo-req: cpu_id=0 buffer_len=20 opcode_be=0x02000000
[ 2191.057175] hailo-req: 00000000: 00 00 00 02 00 00 00 00 00 00 00 00 00 00 00 33
[ 2191.057178] hailo-req: 00000010: 00 00 00 00
[ 2191.057350] hailo-resp: cpu_id=0 buffer_len=159 opcode_be=0x02000000
[ 2191.057352] hailo-resp: 00000000: 00 00 00 02 00 00 00 01 00 00 00 00 00 00 00 33
[ 2191.057354] hailo-resp: 00000010: 00 00 00 00 00 00 00 00 00 00 00 09 00 00 00 04
[ 2191.057356] hailo-resp: 00000020: 17 d7 84 00 00 00 00 08 00 00 00 04 00 00 00 00
[ 2191.057358] hailo-resp: 00000030: 00 00 00 04 00 00 00 01 00 00 00 01 03 00 00 00
[ 2191.057360] hailo-resp: 00000040: 20 e8 c9 e8 a2 8c 63 4b 96 34 d6 e4 d1 f8 95 5e
[ 2191.057362] hailo-resp: 00000050: 37 fd 10 8a e4 24 73 ce 97 e2 b9 31 87 a8 9a 79
[ 2191.057364] hailo-resp: 00000060: 83 00 00 00 06 00 00 00 00 00 00 00 00 00 0c 00
[ 2191.057366] hailo-resp: 00000070: 60 c1 8b 2a b4 d8 50 fb fa a3 15 00 00 00 18 02
[ 2191.057368] hailo-resp: 00000080: 44 01 00 00 02 93 01 00 00 02 0f 02 00 00 1c ca
[ 2191.057370] hailo-resp: 00000090: 0e 42 82 62 0e 42 01 00 00 00 04 00 00 00 33
[ 2191.057375] hailo-req: cpu_id=0 buffer_len=20 opcode_be=0x02000000
[ 2191.057377] hailo-req: 00000000: 00 00 00 02 00 00 00 00 00 00 00 00 00 00 00 00
[ 2191.057379] hailo-req: 00000010: 00 00 00 00
[ 2191.057534] hailo-resp: cpu_id=0 buffer_len=190 opcode_be=0x02000000
[ 2191.057537] hailo-resp: 00000000: 00 00 00 02 00 00 00 01 00 00 00 00 00 00 00 00
[ 2191.057539] hailo-resp: 00000010: 00 00 00 00 00 00 00 00 00 00 00 08 00 00 00 04
[ 2191.057541] hailo-resp: 00000020: 00 00 00 02 00 00 00 0c 04 00 00 00 17 00 00 00
[ 2191.057543] hailo-resp: 00000030: 00 00 00 20 00 00 00 04 00 00 00 00 00 00 00 20
[ 2191.057544] hailo-resp: 00000040: 48 61 69 6c 6f 2d 38 00 00 00 00 00 00 00 00 00
[ 2191.057546] hailo-resp: 00000050: 00 00 00 00 00 00 00 00 00 00 00 00 00 00 00 00
[ 2191.057548] hailo-resp: 00000060: 00 00 00 04 00 00 00 02 00 00 00 10 00 00 00 00
[ 2191.057550] hailo-resp: 00000070: 00 00 00 00 00 00 00 00 00 00 00 00 00 00 00 10
[ 2191.057552] hailo-resp: 00000080: 00 00 00 00 00 00 00 00 00 00 00 00 00 00 00 00
[ 2191.057554] hailo-resp: 00000090: 00 00 00 2a 00 00 00 00 00 00 00 00 00 00 00 00
[ 2191.057556] hailo-resp: 000000a0: 00 00 00 00 00 00 00 00 00 00 00 00 00 00 00 00
[ 2191.057558] hailo-resp: 000000b0: 00 00 00 00 00 00 00 00 00 00 00 00 00 00
[ 2191.058983] hailo-req: cpu_id=1 buffer_len=42 opcode_be=0x02000000
[ 2191.058989] hailo-req: 00000000: 00 00 00 02 00 00 00 00 00 00 00 00 00 00 00 25
[ 2191.058991] hailo-req: 00000010: 00 00 00 04 00 00 00 01 00 00 00 00 01 ff 00 00
[ 2191.058993] hailo-req: 00000020: 00 02 00 00 00 00 00 02 00 00
[ 2191.059495] hailo-resp: cpu_id=1 buffer_len=28 opcode_be=0x02000000
[ 2191.059497] hailo-resp: 00000000: 00 00 00 02 00 00 00 01 00 00 00 00 00 00 00 25
[ 2191.059499] hailo-resp: 00000010: 00 00 00 00 00 00 00 00 00 00 00 00
[ 2191.059754] hailo-req: cpu_id=1 buffer_len=42 opcode_be=0x02000000
[ 2191.059759] hailo-req: 00000000: 00 00 00 02 00 00 00 00 00 00 00 00 00 00 00 25
[ 2191.059761] hailo-req: 00000010: 00 00 00 04 00 00 00 01 00 00 00 00 01 ff 00 00
[ 2191.059763] hailo-req: 00000020: 00 02 00 00 00 00 00 02 00 00
[ 2191.059872] hailo-resp: cpu_id=1 buffer_len=28 opcode_be=0x02000000
[ 2191.059874] hailo-resp: 00000000: 00 00 00 02 00 00 00 01 00 00 00 00 00 00 00 25
[ 2191.059876] hailo-resp: 00000010: 00 00 00 00 00 00 00 00 00 00 00 00
[ 2191.059881] hailo-req: cpu_id=1 buffer_len=20 opcode_be=0x02000000
[ 2191.059883] hailo-req: 00000000: 00 00 00 02 00 00 00 00 00 00 00 00 00 00 00 47
[ 2191.059885] hailo-req: 00000010: 00 00 00 00
[ 2191.064285] hailo-resp: cpu_id=1 buffer_len=28 opcode_be=0x02000000
[ 2191.064288] hailo-resp: 00000000: 00 00 00 02 00 00 00 01 00 00 00 00 00 00 00 47
[ 2191.064290] hailo-resp: 00000010: 00 00 00 00 00 00 00 00 00 00 00 00
